(19, 0.00546611507832)
(44, 0.012010355184599999)
(69, 0.006378025770244)
(94, 0.004129466716051)
(1, 0.035141383017601995)
(26, 0.014026857270634)
(51, 0.007659443811782)
(76, 0.004613011225536)
(21, 0.006208497115203)
(46, 0.005115656396860001)
(71, 0.0067314727751930006)
(96, 0.021167204281692005)
(24, 0.006237983743352)
(49, 0.005356574528947999)
(74, 0.015346162414955001)
(99, 0.008281857822386)
(20, 0.004858973696973)
(45, 0.004374394939053)
(70, 0.011324122166959003)
(95, 0.007019995039272999)
(22, 0.0141851089071)
(47, 0.006064236274827)
(72, 0.004170223540624)
(97, 0.006007735413014)
(11, 0.004938044502004)
(36, 0.005318444399974)
(61, 0.017882193455967997)
(86, 0.004258183920095)
(7, 0.004047420771565001)
(32, 0.0048140167164440004)
(16, 0.005685938805541)
(57, 0.017331446321377)
(82, 0.0071188857719620005)
(9, 0.013529376596146)
(17, 0.00587874866545)
(42, 0.011099129955845)
(34, 0.006087277775858)
(41, 0.007279626815924)
(67, 0.009854178746388)
(92, 0.019301951408697997)
(59, 0.0034442562011940004)
(66, 0.029429805483146998)
(10, 0.007805044949384001)
(84, 0.003978867184212)
(91, 0.005669174388381)
(35, 0.011831482516142001)
(60, 0.008800964669707)
(85, 0.003234819143382)
(12, 0.005077893939286)
(37, 0.0037142839719410004)
(62, 0.007229443504176)
(87, 0.013176403355695)
(25, 0.006780827179053)
(50, 0.004232937560643)
(75, 0.0061481542716479995)
(100, 0.013368763762287999)
(18, 0.013316891295912998)
(2, 0.005504441743705001)
(43, 0.006603708382478)
(27, 0.033130195547245)
(68, 0.005403121654714)
(52, 0.013254184246021998)
(93, 0.005803117617317)
(77, 0.006974540515550001)
(8, 0.008132806606172)
(33, 0.005029565855572999)
(58, 0.004947352960724)
(14, 0.035866772133528)
(83, 0.012750942878172002)
(39, 0.012399031163958999)
(64, 0.007295480447871)
(89, 0.003839857615645)
(13, 0.016965331071779)
(38, 0.006840479364508)
(63, 0.004045282820657)
(88, 0.004328546670537)
(4, 0.007064397105261)
(29, 0.006741176419731001)
(54, 0.011755102540605)
(79, 0.020593632131734)
(15, 0.006360461344586)
(40, 0.03383064398237701)
(6, 0.006050020568649)
(3, 0.007494953991169)
(65, 0.017602354179274998)
(90, 0.008195131156551001)
(5, 0.014374097263637002)
(31, 0.012102663971490998)
(30, 0.0066595170106160005)
(28, 0.006615861894173)
(55, 0.009150831839673999)
(80, 0.005668388406061)
(56, 0.007836162579302)
(53, 0.037868613328746005)
(81, 0.0035804324139960004)
(78, 0.015809124491585)
(23, 0.004473140389624)
(48, 0.025742980141642002)
(73, 0.007408474525128999)
(98, 0.004367343891577)
