(21, 0.005331292852354)
(46, 0.003823451901778)
(71, 0.00610698613913)
(96, 0.02544889866652)
(2, 0.004719663450261)
(27, 0.039508705648585996)
(52, 0.013377154134644999)
(77, 0.006200751592005)
(7, 0.002319889402795)
(32, 0.003269837344653)
(57, 0.019644722360490995)
(82, 0.006467018333497001)
(4, 0.006319429198414999)
(29, 0.0056833033852940005)
(15, 0.005921300354213999)
(54, 0.013443849525572999)
(40, 0.04010679743125001)
(65, 0.020125084117738)
(79, 0.02457480021828)
(90, 0.007921679827264999)
(9, 0.013922728378017)
(34, 0.004809898873349001)
(59, 0.001278715933567)
(84, 0.001968341741659)
(1, 0.042082828059846)
(26, 0.014834032465211)
(51, 0.006954221493905)
(76, 0.0031472797002629997)
(25, 0.00566240837234)
(50, 0.002542495909472)
(75, 0.005719720651818)
(100, 0.013986528509786999)
(14, 0.041753181702996)
(39, 0.011756463613989)
(64, 0.005934782578355)
(89, 0.001975737209829)
(8, 0.007858897815454)
(33, 0.003456158033621)
(58, 0.0036470566342929997)
(83, 0.012760828075332999)
(18, 0.013344830060657002)
(43, 0.005658904448822)
(68, 0.003813928934881)
(93, 0.005188464513782)
(13, 0.019104653232645003)
(38, 0.005888148748266)
(63, 0.002345177668613)
(88, 0.002792075111463)
(23, 0.0031895692795599995)
(48, 0.032185699316803)
(6, 0.004920272855808)
(11, 0.0038686764238909997)
(36, 0.004023755417566)
(31, 0.011940809120430001)
(73, 0.006961794492813001)
(56, 0.007183927973524001)
(81, 0.0016769226724199999)
(98, 0.0026669556672149998)
(10, 0.007666516855534)
(61, 0.021229573169522998)
(35, 0.011486022359813)
(86, 0.001937920374588)
(60, 0.009085402314416999)
(85, 0.00106404722283)
(19, 0.004517099910139)
(44, 0.011906262147721999)
(69, 0.005170180883088999)
(94, 0.002575903871708)
(16, 0.003961494079655)
(22, 0.015734823485261)
(47, 0.004641634612196)
(72, 0.002503901279315)
(97, 0.005503436251779)
(3, 0.006908382790101)
(24, 0.004840836856862)
(28, 0.00628420522583)
(49, 0.004637380899017001)
(53, 0.044523336957307)
(74, 0.016776673240032)
(78, 0.017727203815125)
(41, 0.0073058007657030005)
(66, 0.033332545534745996)
(91, 0.004292329667514)
(17, 0.004330588673384)
(20, 0.003463188942979)
(99, 0.007919648054058)
(45, 0.0027894243719170002)
(70, 0.010409917519552)
(95, 0.005949916276745)
(42, 0.012544206988336)
(5, 0.015211361092852002)
(67, 0.011095859184314001)
(30, 0.005449521776555)
(92, 0.022280843480536997)
(55, 0.008969737416595)
(80, 0.005116482145721)
(12, 0.0033803411022)
(37, 0.00182518580453)
(62, 0.007195203256754)
(87, 0.013334171766209)
